4601
8487
5523
6834
7144
4444
9881
9879
2938
5966
3081
6777
6105
4074
6336
6810
5445
2935
8943
7218
1056
7833
6965
2694
6093
9223
1828
9353
4457
7323
7392
4399
9574
8218
7881
4730
7317
6805
2877
4409
9282
3929
2384
3558
7382
8006
592
248
834
2522
9133
2921
4770
5011
7192
4652
697
9307
4582
8749
6012
955
1470
187
2810
4318
1618
1595
5914
7134
8006
3456
5419
7755
5409
1218
3372
2398
497
8305
4996
5209
7655
559
6650
408
9508
1389
8702
6828
591
7132
6613
6115
470
8127
792
7346
2795
8930
8627
8844
3465
2914
3897
5825
1377
9361
2936
2002
241
2164
5492
2832
6552
6368
244
3458
6840
6587
7628
7862
6045
9425
2482
7869
9506
6018
8453
3694
5073
9256
9009
972
8850
4576
7233
3853
2181
1707
6959
6851
8380
5318
7245
9648
3597
9950
8341
1291
4699
4863
5725
8729
9285
9862
3451
3382
3133
2340
5915
5504
9891
5058
5456
5511
5922
3371
2844
7812
4734
9310
8248
2640
2954
1919
1834
6039
8580
543
4194
9746
7045
8773
3100
4292
4143
6164
3882
8733
1192
9603
6279
1679
6649
290
2891
7555
4747
8746
790
1994
6940
7409
9912
1557
4148
2704
3898
202
389
9888
8550
9982
3292
6688
3731
6690
8016
3984
4388
470
9378
1761
4057
4326
2989
2396
3217
2411
7369
6042
5263
160
7685
9826
986
8078
4269
3257
9110
1043
5278
5770
1353
1770
9120
7117
9482
2631
8677
4636
7673
4954
9454
7958
5927
7207
5068
38
9227
4149
9393
3583
7122
5479
8400
9756
5056
5858
3760
9007
779
1271
2607
8202
5601
2102
8023
7838
758
7372
5773
9336
1754
634
903
1187
8633
4676
8787
1954
5091
9351
6178
5115
2217
7031
1759
4059
5552
7780
3420
856
5975
8316
675
3858
9671
8324
6467
6161
8640
7316
2277
4413
3514
7925
9204
5027
6436
5243
1011
1764
7447
1436
2551
500
3214
240
3936
6804
9027
8196
6795
2447
4236
9103
1861
5292
2057
1867
8120
5525
9515
5271
4391
9849
8905
7980
7146
9587
5288
8336
7857
1916
1552
3061
7218
8109
9630
8543
2158
3536
7391
8636
5688
7883
8879
6993
6791
4911
2596
901
5255
1882
5381
5217
1516
5455
1376
5634
2103
813
7875
8447
6920
6415
805
5354
4164
3498
3047
7740
2304
287
1504
4607
3933
4171
4632
7513
3731
3186
9313
5218
8414
4515
3042
8051
9829
9608
852
7615
885
5629
9673
7955
6782
6542
5919
7573
8823
8182
4356
5787
9099
5746
3383
5832
9505
5140
9443
8012
3669
4345
7626
5514
2503
4013
1252
2422
5822
8932
184
7603
6463
9615
2837
3386
2950
3895
2109
2274
4182
1757
7519
1597
6397
6779
6897
5393
9343
1343
9472
8591
865
8438
8484
1008
3052
4301
9982
751
3936
7186
1380
9526
3957
9861
2220
2435
2074
1288
9669
1104
9716
6774
4573
2099
6971
5473
257
4587
9361
3660
6913
1719
1631
6677
3275
7580
9500
6612
5601
3337
4064
6668
9301
2230
7987
1025
6675
5587
5417
8545
6767
661
2294
7980
1135
4480
7181
2491
1660
1024
6149
8012
7986
3887
6440
2395
5137
149
8401
6011
9102
5068
1811
4529
7621
4048
4862
6824
3264
4131
5458
3614
203
9198
1898
2780
2976
6525
2335
6670
9
522
9402
7303
8295
939
4410
6827
7673
8422
8248
876
4646
856
5969
1758
1166
8201
4765
6905
9611
2060
2187
4346
3612
5250
4580
6853
9431
9338
9227
6211
1399
6472
5896
2917
7365
6228
4674
3107
2797
7915
1052
6252
4065
4259
6648
5086
1205
1295
4952
2513
6289
4842
1030
2177
8119
7612
4246
9030
150
2688
8264
8470
7786
1751
9768
6772
5224
5797
3175
750
7673
8790
2518
1549
1478
9282
2518
4736
4623
4092
4782
8138
1710
9416
3755
9094
1134
6116
9751
9225
7689
2242
6355
1511
2072
5426
5415
2247
2094
5908
318
708
6827
2278
5182
821
4201
1367
419
541
5680
3486
2485
1537
8735
3108
7284
7879
599
5195
4518
4895
9211
2913
7445
1126
6196
4794
1132
3706
5326
8607
9082
4465
4935
7398
2269
258
7790
4260
841
8593
4918
5134
5219
9961
400
2380
5248
3820
8054
6983
3585
6955
8474
9373
4134
1757
4099
7739
5801
1039
2143
2522
5487
154
9907
8246
4583
6850
3900
1727
368
4238
6816
151
485
6559
9484
1635
5241
3126
8338
6110
1258
5189
9339
3027
5485
1931
3317
6656
6680
9917
4437
1062
1021
9280
4439
1670
762
3511
8757
7990
261
7804
7696
4349
3508
1510
1778
318
5420
6118
853
6053
5909
1155
3085
1499
161
1671
4128
9636
8080
6460
3512
5092
8783
1676
5314
7512
4726
5227
3785
8509
3561
320
6680
2147
9835
1600
4723
4507
8615
1463
3784
6316
2748
760
7987
7540
8450
6912
4091
7437
9717
9290
7153
3441
1185
7455
844
8416
217
186
6778
9192
8868
3409
3647
6201
7264
9091
1718
531
8844
9506
7638
2566
4608
246
2594
2401
8404
8770
5130
1299
4005
7629
2284
4285
7161
7436
4403
3097
8992
6254
8899
1467
29
9146
8094
642
4609
3897
9168
9006
1315
7230
2338
739
9347
3903
5761
4201
8517
4967
2184
7285
6647
92
9331
4001
7699
9356
1660
3032
8041
2957
1443
6691
733
3500
6575
5873
9145
3597
3653
3831
7616
4004
1998
4661
1438
9814
6538
2265
1457
5102
1338
9763
8097
6046
2031
9068
3522
3266
7689
154
9678
1377
9305
2012
2293
298
7395
2969
8091
4443
8560
8403
5114
8502
1298
2035
2893
7208
5302
165
6624
5524
2110
4308
7172
3979
3038
4093
2413
4973
3036
7294
2317
4007
8921
1330
9903
9960
8894
8943
1524
5463
376
7902
1878
205
8992
6246
3419
8964
810
1363
7677
7496
7003
2634
3186
7441
6247
3360
2189
9809
9969
5909
507
7777
4042
6712
3829
9142
8833
6929
7774
4719
4899
1390
7860
7519
9618
2
8097
7114
9765
1924
3157
6054
7011
6345
9946
4419
8457
5295
6171
283
395
3004
2880
2152
3050
4747
9041
3085
1996
1045
9353
1103
7322
3229
591
5624
4355
4547
527
6517
8677
8267
9514
105
166
480
5050
1006
6787
1104
857
9563
3494
3955
6920
7327
3849
3704
974
4322
409
8219
5473
1167
2380
7883
7828
1386
9314
8700
3188
1108
8273
4269
7359
5589
9187
7231
5097
2895
1093
5706
4320
1908
247
4131
6405
870
9691
6844
3872
1674
591
8240
9982
3228
743
7838
9002
9033
2367
8835
2735
4560
6158
2269
2248
1814
7748
6869
6088
9185
1446
5519
3079
4440
4230
8926
8488
1634
4898
4106
6999
846
2937
5403
9013
6951
4142
9011
5922
9503
6012
9858
8561
9850
4242
2202
6352
5327
9247
9931
6486
3392
6438
4808
515
1274
8392
2688
8950
5015
8217
8452
1132
532
3522
3521
9642
1787
1462
2646
950
8819
850
1394
2337
5626
5157
5500
4282
9876
7934
8368
8388
1538
9944
2950
2132
2794
2540
6714
9289
674
3275
7552
7606
4301
1230
67
7821
8830
1055
847
3578
2507
8311
2153
2165
2921
7569
6914
3706
6786
1825
4374
7069
8993
8108
7577
5780
6648
3285
9922
4284
3209
1611
8134
8002
2271
7061
1599
2738
2526
512
2059
4928
9985
2694
6482
3768
5588
8276
9382
3906
4419
9819
3321
2421
2142
3184
7074
5928
2030
7591
7160
4569
2223
7649
4703
9580
1739
1062
778
5846
7059
6588
7648
3590
3398
8624
5981
5122
607
9461
7244
8570
8453
6521
7148
977
6597
8377
9352
701
6469
5695
1810
48
372
6715
8600
2311
2494
4212
5174
3376
7907
1737
6420
1182
7331
3786
3274
1448
5964
3524
4260
1704
4193
9641
4434
4141
2840
5366
9390
603
9992
8726
7579
2076
4754
4573
5792
545
9171
3616
4359
7056
864
6246
4185
4665
1579
8871
7594
7572
1263
4894
6747
3398
1351
8739
1183
5263
9955
7942
3456
7729
80
6505
5495
8674
6573
6666
5034
1081
3932
3803
2271
8141
9318
8367
5939
3359
9293
570
8728
4461
5681
1171
6521
4276
1123
2425
72
6935
3301
6494
5479
3688
4493
9929
8813
582
1301
8510
6948
7333
8284
6537
7384
1948
9761
9164
2606
6639
2109
3805
4702
6976
5446
8216
5199
9043
2057
3861
197
6348
7571
6465
3098
3852
4701
6758
7062
5221
2377
3203
5329
606
7556
2544
6488
3984
6076
1879
5544
6492
5180
8615
6873
4957
739
596
1115
5727
4124
6268
7853
8068
495
9408
9570
4009
7786
2407
4786
6550
9318
2366
7066
804
7253
7970
4639
5220
9791
4669
3501
2982
7526
4196
5137
4949
7361
9308
9541
4316
9945
6897
5540
3073
3819
2492
5252
1606
4419
5193
2434
4284
7257
4437
6244
248
5034
5207
9373
4032
9865
2566
2197
5562
9655
1981
270
1098
6532
5696
9664
2718
3479
4426
2384
8175
9645
3935
1523
2109
9099
9416
8784
1826
9840
2944
2790
2972
7075
7345
8224
7159
5719
1926
8829
9588
5749
4607
8367
2208
3130
2314
383
6303
309
1656
48
547
6005
6675
7110
4633
4501
9046
5025
2381
6887
7999
556
637
5012
9124
4231
5253
6475
5230
9909
8820
2969
3747
9662
2788
2922
2080
1689
1692
6719
6985
1070
8502
7084
2141
3535
5726
4982
6359
8504
1040
2976
4572
1043
612
1104
7287
8551
4393
3108
2467
2767
7918
4262
8866
4616
2662
2819
4362
4195
596
9213
5848
4401
8962
8518
3948
9300
5632
4363
7848
3993
7739
7280
689
2402
3714
2880
4620
5571
5700
3308
7147
4136
6541
3873
4575
1704
6790
2595
6221
6017
6456
1653
4681
3076
2202
8788
7524
7213
9290
6164
8050
4821
5846
3750
4685
1591
4783
2346
3719
7118
6123
4854
2135
9493
8659
5179
4063
2420
554
8002
3454
7760
6981
8578
8083
3013
3337
8349
4151
5823
6921
7484
3057
8098
9626
8585
7120
2525
7597
3035
5059
7773
4555
3378
2434
8596
7914
8296
9602
6240
5161
7609
4808
6731
8974
4087
7900
8533
5901
2690
4125
3750
213
1530
2319
2359
4993
5876
1142
6289
6557
7783
3402
6179
4819
7438
3604
9642
9432
4259
3239
4437
2145
3333
112
7198
6455
9699
4051
6008
9032
58
4714
614
2501
6453
8816
6951
1318
8302
3149
3752
8535
9651
9117
9185
9132
6515
5605
5440
3040
4699
2686
5205
685
3786
4410
7467
6803
4182
9667
5776
9368
9198
5728
1010
7767
3762
6768
2108
7818
3546
1875
1394
7947
2281
53
1101
5982
3899
57
3583
1468
5991
6955
5274
6680
9690
9022
5983
6771
28
5544
5076
6224
9834
4076
385
9333
9450
2569
9570
1502
8182
9081
235
6872
919
1067
9281
8623
398
8688
653
4992
7806
9577
36
4091
144
6465
3042
6855
8030
5317
4249
9026
5088
2763
3807
7328
3808
8921
1427
856
9427
660
1011
5068
2546
3887
7923
5576
609
5665
8725
9847
7200
3728
7913
9719
6484
1941
9192
9385
8492
1641
9203
2114
935
5002
955
328
8658
5049
4151
2539
2869
1773
9984
6269
5615
2464
7126
2335
4586
1162
5311
5153
7987
2618
4340
2145
391
3370
6079
3951
9781
9761
3285
2427
1561
3165
5124
1244
9864
5291
1230
2074
1800
7360
1701
6173
7198
5499
4383
557
8129
1414
8797
5850
6099
1626
6514
3979
917
6235
9704
9203
9685
6542
4790
3174
8190
7303
7657
8688
8260
2493
5787
4129
2316
5713
3084
4154
4593
3504
7367
7557
868
7436
780
9079
3713
9601
9975
497
1104
7320
6826
6525
1690
6079
4219
2479
222
9191
9549
313
8893
602
8563
7259
6869
9393
7413
3257
317
7709
3911
8700
5308
4289
5075
2352
1271
2707
1889
2789
8684
9296
3341
871
2925
5099
9964
8129
2104
3871
8909
585
8677
1711
3834
448
4546
5645
4403
7848
1507
6221
6370
7195
1212
494
1601
1068
5615
6436
3057
6305
9354
5938
7496
3557
6018
3011
4829
4857
9103
4987
6342
809
7780
2487
3188
7716
7908
1062
268
8318
2217
5766
6572
3200
4071
3823
5546
4821
6437
6495
4729
6835
5112
7858
5058
4522
6950
1469
9755
1745
5217
4425
1369
4313
7336
731
1554
4941
9882
3000
8161
4508
3926
6509
7419
4930
1620
4364
3724
1771
7998
1338
8114
6374
5987
9032
1543
4396
9241
2586
1092
2124
9594
3470
9299
5555
7672
9018
3705
3890
558
3572
1272
5484
5297
6147
4816
706
8629
1148
3889
2198
474
5627
6812
7957
5713
1095
6981
263
338
5280
5108
7718
7742
4691
1261
3976
1170
2059
2872
8118
6300
8756
17
7637
6027
70
9747
6547
1701
1648
9277
3109
6909
6259
3273
499
4177
4580
1964
3225
1207
4854
1615
5750
7243
2968
8385
2826
119
1052
3584
114
458
7716
9653
9980
1174
5095
6257
9855
4538
1460
4165
3174
6017
9756
6114
6244
3816
454
3526
882
5447
1984
1589
9042
3146
2118
793
2254
7401
2808
4307
2531
100
3735
7326
8303
3879
5261
7821
3439
4615
1505
2899
5586
2901
6839
7479
6508
6238
5673
7782
1213
4636
6592
8450
1267
492
9413
240
7215
5774
2605
2712
8006
4599
8536
3705
9262
6007
5129
6958
6766
440
7287
6735
4535
1641
222
9650
6523
4734
9888
5547
6204
6420
1965
2993
9107
4479
6483
5365
9119
5969
1939
3278
6328
6254
759
2882
7980
4579
8822
8006
5684
17
3400
9749
6372
8429
387
7209
1394
2174
7711
1289
4415
5561
8132
2078
7846
1750
8128
4184
9045
4016
7009
3540
8663
5971
9637
8103
2914
163
1094
9240
779
2027
3994
5796
9406
5224
6310
9984
2702
930
8186
1976
7349
5508
950
2473
6459
5934
7031
5270
6394
3908
2299
1707
3626
7725
5936
9046
3022
6175
7660
7750
5693
854
1817
1708
9960
2489
8065
3389
1946
7314
3239
4939
5428
2302
6485
1796
8392
5439
7888
5545
9699
2250
8156
5089
4610
5764
3913
2861
8116
4699
1069
5647
9410
5418
425
1717
9725
7288
6269
3
3160
7706
9827
7634
155
288
5396
5483
2149
4370
8779
9856
4539
1402
2866
3604
1963
506
104
7512
3775
4961
2858
4829
5648
1454
2569
4087
4813
6073
6333
724
5906
4343
1320
8943
2223
5001
9776
7909
9426
943
796
6231
7061
3172
388
4765
3176
6386
4851
3900
1050
7037
2295
8002
579
31
4736
9533
7674
9440
2968
4896
8621
2889
9972
2931
6797
5446
4092
1424
3464
8098
5597
4127
1709
1657
4496
4106
6554
4748
5346
9433
4098
4162
7255
9427
8079
3870
9028
1923
3138
20
6120
4953
2917
2686
8867
7656
9162
898
2826
8567
4217
1990
6317
2240
8831
5445
2632
4538
2257
4399
308
3883
4576
5485
3388
9391
7149
5329
9756
4923
8042
8466
5996
9886
9778
2680
5977
2929
2153
2807
9544
8522
1299
3388
9221
7499
9332
7052
9800
9421
5856
394
5098
5835
341
7200
7978
9891
8697
9427
9840
8170
2002
2883
615
5225
4179
6999
7712
594
5406
6354
3476
7462
3093
7298
73
384
5013
302
5957
2923
1050
5674
2144
3475
8198
4641
3659
3853
1025
3007
8329
3164
5185
3856
795
2441
754
6945
2605
8563
8143
568
5658
7218
9176
6593
2113
6859
6859
2919
5004
210
7545
742
5469
1241
4332
2544
9630
4013
7676
369
472
9618
6459
2297
6533
4252
2350
7924
5906
1543
7984
8744
5516
7765
3327
2029
7521
7912
7966
9800
6136
7063
4207
140
670
176
1070
3365
1383
8779
826
8565
5885
1992
6780
2156
9073
9043
8507
3322
2353
6933
4224
8805
7107
9083
9619
9018
7479
8365
7921
6417
5168
6974
3547
215
8094
766
4389
4279
5075
9725
8388
5281
4745
9434
7430
21
218
460
7950
830
4262
858
4643
620
5635
5852
6522
6681
6016
6013
6852
7195
8230
3823
5995
25
3766
1874
1513
6762
35
6027
9078
9276
6037
7214
1091
113
9248
7819
9981
7125
7643
2399
5177
847
2504
4733
1202
2328
9859
3932
3128
2086
2092
2587
9762
5474
9826
2264
1970
8879
8024
2244
6429
4379
9125
1325
4797
7201
2419
7347
1237
8112
3763
2749
358
2212
3304
877
4736
3678
5237
8661
167
4052
3274
6738
2590
4422
7102
6071
3822
2355
8362
9355
6060
7048
4796
3473
182
7931
4177
611
6754
6262
3368
1201
9478
6556
7900
67
2496
8148
1646
8808
4734
9801
6382
7060
3959
4101
8683
1170
6579
1831
2584
5333
6570
892
5136
9530
7231
8414
5835
4368
5833
4847
8802
4060
4984
6309
2430
8098
6886
6855
8008
1545
1423
6030
9959
7701
8666
3754
8576
6032
9822
6889
980
2380
2170
6602
233
4554
9008
1403
2677
5138
3549
9716
2376
8093
6200
8385
2926
5082
486
1109
7159
8755
4983
2350
1653
2674
1371
5095
7231
7698
1124
2727
7361
3694
8149
7414
6026
1236
419
4531
9266
3982
780
313
984
4853
1184
7252
1620
5005
7684
7757
8691
1617
6041
3076
1287
1252
3037
436
8651
4578
7275
2833
2793
5839
3274
8150
6167
8772
2966
9409
3564
3276
2119
8085
3337
8206
703
1679
7330
4658
772
4742
1094
871
1220
19
6148
7019
4663
6967
5480
7051
4000
8352
7797
8914
9563
7008
3740
587
8070
4309
5847
8426
7848
8463
7764
4989
9966
8845
2249
9376
9928
6685
2238
9226
1767
8961
2942
6501
3829
3084
9295
9196
3614
5601
4128
3953
8217
2170
2900
4886
2082
2957
9592
9086
1425
3836
6567
3922
2752
5301
698
3908
6574
6555
7467
1303
868
653
8311
2848
9888
9606
5897
5492
7709
2778
3769
63
3984
5774
5403
3107
9089
6371
7251
8990
5085
2097
6151
2494
2067
7130
793
5082
8291
7878
1664
7618
2585
3940
7460
425
8221
131
2685
7474
7869
5782
5993
4444
6548
4400
5405
125
9127
5961
2593
2826
3122
1806
3702
1137
413
6266
9120
419
3081
7876
9889
3598
1051
7437
7358
5912
9528
4108
7430
2847
4059
8243
2898
8778
8444
4576
6226
5857
8471
1911
2951
8535
1801
2261
5473
12
2906
4079
7609
4759
5009
5871
2300
1071
8055
2763
5499
9161
4544
805
6883
2880
2906
4389
912
4521
5523
1563
3928
5436
1455
5620
9409
2400
8293
7898
2341
5306
3646
6585
2168
5549
1442
862
4250
2782
3453
3156
3010
6433
2450
4135
4744
1160
1443
8564
2661
6154
4380
1354
7305
9832
1169
3633
1266
6431
3931
6722
264
8559
3847
7505
3095
6486
1357
331
2944
3040
2742
5530
2142
9385
2410
252
5199
6479
2871
6467
1637
6547
4536
2909
719
1651
791
9148
1075
1997
3755
5070
9057
347
3056
7966
7016
4619
9196
7577
3007
6375
5580
786
1186
3648
4180
8647
539
1868
608
241
858
6252
5331
6721
2353
5970
3522
6683
8512
7528
1848
1777
9968
5493
105
2044
1595
1065
1775
5122
1685
8655
9620
7568
6647
8427
3366
7156
3975
2408
1653
9945
8364
7607
3246
363
1098
8823
2677
2434
9343
9217
3140
2719
6225
1114
6211
6057
2350
2634
1795
360
9678
9236
6919
8755
7552
7278
7363
7226
9026
867
2014
2651
5982
1269
6879
836
2310
4886
2171
7955
1340
9174
764
6235
182
8047
4793
1030
5447
514
537
2102
958
7169
253
9382
9367
987
1298
5928
5722
6494
5679
2959
6900
5930
4473
5709
1970
242
372
8199
5597
9294
5256
9703
8739
7900
2808
7475
181
4248
5160
1090
965
670
9797
2772
2539
5785
1834
6918
9056
3970
1784
8495
6985
2652
2275
382
2083
2890
3695
8639
3141
6414
1428
6891
8464
7357
2108
9878
3276
274
558
3870
3616
364
986
6790
5293
1919
6190
741
219
7946
470
9710
6298
3993
8371
570
3625
8421
5625
7224
3148
6151
5425
5659
5496
8296
7529
5474
7882
2722
1467
9005
491
5300
7195
1976
9168
8492
6235
1489
7156
8997
2177
8526
8155
1489
2454
1243
4993
7231
6212
2839
4487
3449
2962
2194
4297
6270
6190
3473
9467
7847
8148
7383
9554
4351
9534
2683
3557
8504
2153
2376
6
9584
2110
8372
3904
7971
3075
7939
4883
9273
6142
7639
4210
6449
2198
519
7337
845
1615
7987
4863
7109
234
552
8042
4510
262
9143
9002
9270
2150
5346
4977
6261
6487
6478
9415
9742
8832
6617
8328
8600
1458
2367
5932
7360
9431
657
6416
7738
2277
9044
8234
4657
8414
5727
352
8835
6058
2402
2843
6414
1995
5066
7674
3799
7837
9153
3501
7501
524
6287
3537
9064
5253
3560
8274
8094
8062
4429
8251
8257
1650
2556
6306
6144
2978
181
1409
444
2405
3234
1058
6488
4023
503
8476
527
5303
8564
1352
751
8947
4331
812
6938
4347
9962
2317
678
3508
5014
7169
1601
1369
3548
2298
1810
7107
7287
8474
9050
6378
5037
1077
6872
2722
2970
3316
1475
5859
4108
524
1298
1165
8147
279
3632
3009
2663
3094
9289
4016
8695
3350
2946
5664
1052
5429
6544
4281
3740
565
4416
5554
4078
7732
6941
6394
4389
7947
1682
3935
7624
8202
4098
5169
8011
290
7767
6204
6699
1408
3419
8271
6849
3906
8869
5773
6605
5595
469
9127
2537
7244
1475
8625
8793
9024
2759
7063
3509
3731
8143
9596
3063
3221
552
2977
2601
7884
7860
7804
9432
630
3477
6185
5272
740
3854
4773
9966
210
769
7135
1846
7883
1145
1110
7918
4568
497
3853
7901
215
864
8418
3898
3932
4279
5659
4001
172
4385
2706
6572
3163
8274
4243
747
8987
6776
2667
9069
1850
7213
1119
5394
6995
7479
8418
7325
6503
7495
5619
6827
4471
934
3166
3208
5274
5800
1234
7526
2837
925
6698
6594
3296
4978
1277
8362
1139
7745
2323
7780
6824
7115
2618
5395
63
1405
7183
2210
1056
6323
7323
4059
365
578
8848
5054
8488
6220
2538
9286
4268
9250
3906
2453
2304
9986
6439
2756
1743
2629
8825
3105
8497
747
3296
8654
8115
7585
9696
6305
282
2241
9659
1842
3200
8788
2597
1843
5290
4800
322
910
5169
6101
646
4584
4324
3216
1560
3776
7620
6939
6278
1455
9652
1485
615
9942
8620
7266
7804
5370
598
2295
198
5588
629
547
9995
6689
5743
2861
7230
5123
3890
6814
1947
1792
9139
2291
2146
2987
4402
4193
2825
4591
7101
2575
4553
9791
9683
1560
5871
8663
2372
3149
3128
8542
2089
8757
4617
21
3576
6774
2586
9049
9505
4068
1254
5318
2382
8236
5219
1155
6244
2468
8056
9247
4143
6817
6680
3589
5784
5947
1974
2058
7282
7425
4318
5103
4720
9670
2715
7016
5610
404
232
2954
622
2929
685
3269
1900
8119
1701
3756
8014
9233
310
4469
2280
1641
2777
9871
2169
2278
7784
8801
2118
4998
399
3026
2923
1306
9806
4235
7826
929
1877
660
4884
9015
8919
3256
5476
5435
7660
8037
750
2439
5558
8853
1788
3363
8152
4543
7954
9431
8916
1531
2879
6485
2501
4750
9745
8446
5529
249
2425
4539
7267
7235
2042
5133
9603
4890
5544
269
3598
2624
6206
6246
3678
1485
305
7069
7541
3645
1931
5984
9127
4658
383
9712
1812
754
5995
2034
1629
1239
2132
7764
3659
1667
6148
452
5916
5004
558
5087
2327
9449
2108
1248
3240
3751
5373
4958
732
9004
8308
9151
1611
6237
9475
4566
2315
1294
1428
8236
5954
6302
4660
4174
7086
3748
7257
6429
4920
3591
6134
7541
9157
5082
7758
5941
3850
5939
8494
8218
2863
590
6810
8936
2117
3809
5002
7212
5544
4423
1929
1247
3836
641
9657
8205
9846
2395
3931
8008
9733
7666
8431
1406
636
2175
9810
4644
1050
3171
598
1420
2624
5744
7916
6009
396
4549
6858
5694
4974
5862
5123
4773
1078
554
7517
2304
548
7613
3820
8351
3117
3132
3183
3547
6088
9599
5181
3577
5848
2931
7193
2942
1525
5071
2968
684
620
405
4621
6542
9159
3189
1920
5707
4745
4502
8630
5956
2830
3309
4294
3575
3003
7456
6507
7087
8994
3861
6183
9058
4340
4668
836
7186
5944
9277
6152
9375
3687
6733
1790
6905
9802
8363
6033
9631
6779
402
5109
4838
4233
2994
1716
2750
2914
374
1549
93
5698
4119
3946
5717
6091
8598
9849
2706
9123
7101
1026
1476
6355
489
8598
47
4062
4592
5367
5095
7283
1370
4773
6215
4715
6387
6457
4827
6111
129
8416
6711
7610
1594
4963
7176
9038
9885
8306
5612
2407
2574
6887
7377
5136
222
157
5084
7147
9232
1046
1564
145
1780
9525
5332
4742
2414
6249
8095
5575
2298
7772
9582
3716
8174
1214
1320
6598
2597
228
6843
1571
5803
9810
3510
3025
2392
2950
1817
2553
4195
5611
6859
8008
4018
6343
7981
908
3932
56
6839
6980
4283
5972
4426
5998
499
4660
5467
8902
1852
2378
8073
2405
6521
9213
3568
2082
305
2659
9466
9767
7199
3598
7224
9205
1275
4973
1682
3497
7122
5591
9406
4936
1659
6636
9655
7757
572
5033
2494
4982
50
9159
7516
4604
3559
1765
6096
9978
7332
2871
7548
5783
9757
1385
7852
1754
6939
7269
519
2786
8458
3717
8056
3307
6667
3648
1436
4434
78
7696
8679
1010
5921
5096
1023
6
9300
522
6020
5476
1600
7818
7351
3688
2637
8320
2067
9062
5275
86
1777
2003
9763
4468
8065
4299
4324
3724
3020
7529
6494
9188
8819
1775
2848
1722
9379
2437
9374
3654
3860
856
7936
8529
9449
8424
9379
3583
1862
4148
6681
3839
6279
2767
8740
2097
655
3156
9905
3943
5024
4828
2932
7887
5709
9810
8835
5219
1551
175
9279
8370
6707
2337
1004
2090
6849
5500
7981
660
8620
1515
1523
4146
2960
6338
1198
7424
6308
5525
9427
4952
8975
7464
6871
8549
1166
1255
3202
2154
4832
3008
2446
9730
8817
9655
7322
1142
6771
8954
6217
6984
3221
3119
7958
4064
9127
3277
2567
875
2846
642
2403
6720
4693
4905
634
2557
9486
9679
6649
2747
7123
6862
6352
3125
2526
7054
8924
1295
3322
1013
33
3047
6953
7460
86
5759
3918
4025
4247
7968
2330
1685
3731
3465
8268
7577
4119
4668
6406
1476
9140
5463
8901
4348
2451
5001
4921
3383
8993
6924
6217
1689
5214
8439
9204
9381
2652
5772
2778
8924
1852
6406
9528
2842
468
1022
3138
8583
6500
3592
8573
3979
2771
2117
5792
2443
3307
3698
5501
7599
6615
7645
5966
3507
4890
9495
2512
5402
346
3336
5504
3907
7460
7007
3583
8188
6135
3905
9405
8538
8342
5950
2861
5723
2103
4448
9541
2371
5913
2742
5809
9953
5941
8925
3742
9777
3632
3050
9026
3279
7398
515
5223
9420
1120
1606
2276
3892
1209
2111
8119
8703
4912
9225
779
6995
2706
8589
3694
8533
3863
5454
6673
6063
2457
9570
9243
4788
6595
3986
654
1293
9858
3622
3944
852
4366
9646
8562
2691
2120
1569
8114
6860
1716
2729
931
486
5690
3698
934
1696
3815
519
4333
1069
2458
3788
57
2062
5311
120
277
5049
113
5580
750
2413
6540
8289
6599
5517
553
1221
8960
9952
1082
1228
5694
982
1324
5564
3093
2114
1533
2940
4185
3654
5962
2567
4330
7339
8176
4368
5609
5275
7957
493
4772
9185
3651
8161
5102
4867
7608
6259
9657
2282
6878
3615
4855
9164
2340
6059
9123
2392
7112
5143
3012
5904
3032
9380
8726
7727
5229
5838
9717
902
9056
9962
2543
4268
1610
2668
4184
6172
6141
4882
6649
7667
6591
1504
7923
5006
2200
4640
3325
3736
8577
1065
6825
5325
4570
9411
9397
2495
2722
771
2489
5433
2090
4205
9841
3966
6364
9400
2917
6101
3370
2993
4119
3225
6816
2082
1151
7307
9194
9096
90
9043
3832
1646
5185
6829
3879
3813
4623
617
5327
2953
2935
4131
1664
2876
33
9599
749
6239
3506
4971
7374
751
1884
3727
4679
73
5381
213
8388
907
7142
7360
1883
352
3016
6963
9572
9037
4194
1929
1492
3969
1617
224
7508
6761
249
3042
9321
9914
6870
1780
3660
4442
720
3181
5131
8206
6907
6383
5000
4552
8444
8521
8883
577
2699
5298
4104
5121
1772
4574
3897
6088
2300
187
2101
5218
2386
1733
8549
8756
2621
5946
5707
5364
9365
7969
6172
2587
8987
7400
2640
5949
4400
7139
3928
7070
5074
6071
359
4333
9133
2838
6124
3631
4362
7734
5267
4132
2175
1058
3569
4859
292
3322
3405
2868
6913
7248
2263
6515
364
3350
1597
6474
2294
3208
1024
7708
7633
4483
8634
8900
3334
1042
6788
115
8476
5066
6942
1774
26
5117
1645
9112
7697
9187
279
4439
1540
1883
3748
5339
3764
2374
7923
2996
5150
4094
7195
3601
4321
8647
3633
376
7671
5488
1910
8933
5032
1201
4382
2335
16
972
8887
7425
3212
6992
233
7189
2493
9270
5747
6793
8150
1285
9539
9284
8954
2432
8213
6043
5133
4031
7625
7885
5247
3677
6606
637
9846
8468
133
337
1812
3082
3752
5080
621
4410
8510
968
6054
4355
5894
3726
9315
7372
5846
5121
7497
5838
3436
1541
5678
1312
6417
8448
1525
3823
5634
9896
1400
842
3797
5974
2054
4192
2999
5175
8574
8291
2182
6241
9817
678
1262
388
7915
2268
3500
9271
3834
2873
8131
4974
5164
7989
9886
269
2910
6744
867
6605
3485
2029
5648
4967
1441
8716
7111
7465
4427
2150
5711
2126
3020
6500
8977
4529
6306
8090
9073
4299
5069
3632
8395
633
6057
5115
4640
4934
4491
7124
6510
2677
9799
3728
3870
1216
2472
3105
3733
6979
592
342
8832
7480
8497
7346
6838
2840
4040
5733
4888
2770
286
6931
6890
1890
3403
2332
4639
6989
2017
4829
2345
3382
5885
584
7051
5716
7032
9155
2607
4787
4889
5379
5320
8845
1103
2548
8416
3516
3407
3461
9398
769
3843
7541
5231
3102
2134
1324
3020
9517
4878
1633
8742
9555
2269
5592
5054
9945
1266
7073
5784
5839
1990
1758
7474
3556
8630
5430
6968
7801
3040
4435
1757
2044
719
1965
2658
8387
3226
724
7806
5313
9742
4527
6860
6615
2798
3875
8764
5427
1787
1198
9497
52
79
3767
6129
1302
7652
3146
2177
7569
4929
8760
6964
5382
8538
2950
2907
2404
1521
5672
8476
8324
8715
3812
9096
8704
227
9542
557
9720
7148
6156
4302
2087
4242
976
9116
5110
8110
9397
2132
4095
1612
3545
2011
7159
4175
4814
2050
2774
7921
7197
518
2254
3370
9226
1102
858
5988
6546
5021
845
6324
2251
1298
1987
1401
2930
4108
7031
1304
6306
1856
4238
8832
6436
5195
6329
3201
1316
9977
9062
3778
3730
2892
5641
427
4633
7462
5664
4107
8641
6606
7197
9261
5991
26
4801
6039
4299
3539
8559
3011
4938
6778
6729
2242
7263
2437
348
4253
8289
5963
2294
1802
2298
9450
4082
4372
6643
7507
6067
2923
7882
8938
614
138
7276
2383
492
6843
8918
1495
4486
7352
4342
6938
8642
6472
1122
7901
7461
7293
8784
4388
7107
250
9459
9172
5029
3443
4109
6564
4106
9310
741
7368
5598
4828
348
2780
8183
4641
2282
4589
5159
6153
8282
7816
8285
2037
7154
4943
4922
2360
4854
8167
1123
5028
1239
5235
9529
8621
6435
1280
1818
689
6606
7337
2465
7646
7397
1279
4135
5969
6085
4758
8773
2838
2241
6840
4167
6658
2799
8061
3278
9818
5992
6796
7252
541
364
5447
7511
3338
2077
8008
3110
8242
1610
1365
2221
801
7435
4307
111
8403
171
6209
3670
1190
981
5820
8650
2021
7292
5833
2811
2155
8161
3047
4540
9456
4920
5566
7776
4795
5787
8894
5583
713
4366
4915
8291
7457
9658
9581
1379
959
4872
1180
1508
3602
4083
6971
1717
3226
3630
3129
5521
8023
7667
4808
3663
9994
555
6904
7706
7011
8245
3981
588
8973
1969
9238
9176
673
3875
7287
7707
632
8826
5567
169
3950
9662
5637
8134
657
25
2683
3808
6413
4776
2128
9265
3928
4634
6904
4071
7726
3643
7130
8869
5384
7864
2821
7736
8101
500
1785
5417
9790
7142
5436
4453
5441
705
290
1917
6403
5142
6018
5110
1582
3770
674
3028
276
860
1187
3004
4284
1532
4069
3810
8130
5766
8340
3536
5231
6115
463
7573
8796
7655
8286
3218
1617
489
578
4811
7045
8547
6688
4911
2275
8478
7592
6376
7782
6500
9203
5629
711
7593
3075
6333
2257
5040
5271
5129
3046
3345
951
5583
3345
6845
8036
3428
8611
5966
9354
4052
7543
3598
6408
6556
8450
9650
5026
2197
2327
9997
3830
3375
4667
6251
3378
5972
1549
4682
8643
7194
362
6224
881
6823
9249
7720
4650
9037
1923
6706
8416
6248
2227
9608
4884
2435
3930
5892
9685
8585
217
497
9383
2926
6618
8516
4750
3880
1441
635
6579
7485
4883
8193
6351
5432
4903
1429
9805
4515
8131
149
4594
1255
2193
7504
1459
3708
642
2805
355
5894
7010
2704
3507
2195
9644
9295
3354
1446
7057
4994
5247
6105
886
3037
3696
2753
6178
7441
5468
4839
7706
2901
9471
3217
1229
5690
2164
6450
5384
5481
7222
7807
1643
227
2051
6027
331
233
3311
1404
693
9157
1071
4431
2072
1082
5470
5029
4831
5258
8202
2243
8407
4069
490
4779
883
1020
7953
6405
5622
9818
5568
2549
6523
1775
6083
3274
2300
5824
2097
7880
9047
6
7944
5037
3159
4926
1301
1392
9857
8628
4826
4466
4324
8680
2499
1029
8211
8514
8386
5751
4361
5144
1541
7852
7236
4232
4277
8341
8191
2162
9732
575
6039
7566
6319
9141
8553
8554
8712
9789
107
5622
2432
7358
5713
4753
404
40
5483
5635
3541
4306
9081
3462
5960
6628
9956
1243
5179
2238
3723
9638
1386
2360
1123
7228
8769
4389
2943
2662
4864
6399
1305
1718
4265
5788
9517
6249
7557
9787
4986
8596
7684
538
7571
4891
4428
7193
5694
2447
6767
614
164
6982
2813
336
5107
1156
4896
2961
496
6661
1507
4570
7346
5564
4976
7544
333
2213
7101
2657
8116
5374
5676
3529
1604
2900
7241
9015
3616
7748
4980
9004
486
5869
2516
800
6952
5555
5194
9647
1121
4639
174
4213
4872
7382
3544
2723
6818
5423
9471
8667
8281
2629
7037
8665
7536
9882
1771
1226
4778
9001
5914
3813
8286
3228
6048
7569
4040
702
5298
1864
4282
9366
2134
7271
6635
5450
326
280
4106
9029
8206
7729
7089
1097
6248
5498
5107
9304
9122
1292
2446
5165
5251
4542
1896
6985
7411
2894
9549
6003
4970
467
5603
333
8460
7193
5737
8025
5550
6057
3111
7305
7821
5257
2645
5924
5504
1533
3777
1563
3419
4363
4442
7523
6801
5234
2402
2817
2358
8625
3305
9228
5456
1815
1650
6975
8441
3974
6321
2706
9779
8128
6068
6594
7122
8058
5667
6685
2053
7561
1368
9172
7068
4873
8429
7495
3758
7071
1129
7949
4497
9457
5066
7461
338
3521
7728
9550
1929
422
2822
7161
4846
1612
9188
3572
8701
8076
4791
7033
2819
9016
7928
4250
917
7588
4767
5814
9833
588
611
6107
2770
3637
9709
6892
9581
4627
3688
6624
664
7940
7094
2687
577
8839
6465
2768
2429
6813
371
356
8827
7947
2219
5588
5149
1197
3720
5898
2160
4575
8081
2601
2602
2804
6586
9171
7798
4048
4031
9251
9507
8208
9804
8924
2889
9957
2290
7734
4906
784
9615
2242
649
1418
9643
27
8661
5609
66
5528
2546
6268
7303
9314
2368
1983
2023
2058
4926
7320
6857
8278
3387
6462
7639
1049
8437
1017
9768
7041
5517
837
1854
9757
2370
8281
5549
6620
7773
488
8017
2054
2271
872
8407
8032
9534
5785
5262
5412
9274
5868
3396
8602
66
6974
8241
7909
4512
6340
7084
816
8672
7823
7499
5368
4599
4322
4639
7680
4747
8128
8869
3819
3332
2665
6476
923
6965
7575
9645
6529
8755
5917
230
7629
50
2988
5880
3433
9006
1989
2638
9573
8764
9747
8427
336
5979
6736
180
7400
5580
6656
3148
9845
6814
5702
2884
3547
816
6333
4919
7897
8056
932
5149
6077
9369
9815
2118
483
6113
11
468
1696
1759
1254
7041
5036
7726
1449
6388
4075
4398
4453
8892
8369
5478
7756
4489
8148
4962
9900
3529
9780
1405
9118
377
6783
6429
1984
6793
5652
7441
3388
2501
2144
7906
5162
5856
9307
5650
3890
6250
3534
2932
606
1424
8241
6774
7116
8141
6090
7859
9560
6111
8660
4714
2731
3104
2699
8676
3842
2715
3177
8930
7425
1504
8866
3088
6578
3331
2025
8834
8739
3505
1404
557
6582
3128
6397
8930
3187
9918
3468
6716
5270
2598
674
3071
5840
3812
8463
3451
3850
280
7154
3768
9730
9398
755
2983
3704
7824
9294
8305
3756
1042
7499
4990
5896
4390
3249
5028
7372
7296
7835
7641
9880
1384
2670
6944
8641
6148
3012
5697
6813
4591
2696
3172
716
8939
4383
1819
2255
4371
6457
2898
5387
5160
9931
163
6135
4357
2456
1846
6440
4837
9126
7874
6856
5196
410
5983
1701
8724
500
6421
488
5932
5255
7912
6959
2221
621
2927
8286
1395
2475
1223
3201
7045
3225
8591
4956
6373
3320
3026
6289
7693
8231
6056
4
7797
1200
254
1782
6839
9661
2773
7131
5077
1547
1065
9072
1677
701
9438
1617
9661
994
4583
7438
9860
2598
863
8347
2864
3873
8531
9513
6595
2310
6067
3414
9672
6373
9862
1382
1518
2095
2099
723
7644
8319
7057
5445
213
6118
6679
9802
5783
3495
4611
5057
8544
6824
9441
9642
8346
8875
9911
2907
3413
9388
8671
1280
6701
1647
2881
6550
1142
6448
4723
1592
9413
1548
4032
7402
708
222
5281
3735
9895
5438
7844
5775
5230
6069
7580
3019
83
7148
3596
1594
8334
5304
9642
9338
8136
4725
5794
48
712
7478
9094
7998
1797
769
4831
6989
1360
9709
9689
4256
8381
9963
8570
7592
3465
5648
3583
5818
9630
4037
295
139
9040
3719
1620
3623
8731
9288
4122
744
4393
3515
3145
7718
6617
2853
3580
2761
6932
2704
2273
3519
8555
4794
8860
2627
3701
7784
5562
2568
9407
4344
663
3944
2242
6610
8297
5151
7137
3986
9194
8515
6243
6991
365
1212
8236
6539
5239
6492
4453
1091
1354
8104
1494
7931
7876
3096
2626
3563
2882
7726
6349
9257
2602
5079
9813
7767
3778
4901
2429
7963
3915
7227
150
4188
4406
7870
9621
4226
4568
5336
7119
8953
9809
5832
5462
5328
9651
7129
2553
5788
7385
6034
1947
8705
9340
1142
9942
1728
6561
385
1920
8724
5671
5325
2473
1988
563
4218
8177
5122
4813
1060
5845
1450
493
6029
1350
5900
2
1826
7688
1318
1875
2695
1391
8604
1095
3577
5622
3827
317
2530
8438
1646
3863
7137
213
8551
9231
1687
8210
9867
6500
7417
5428
7597
3332
6386
9719
7172
3393
2204
4732
7622
3582
9349
9547
5991
7099
4011
9268
621
9693
2108
111
9133
3021
198
5437
9957
1857
9400
2807
6749
945
2262
7189
6539
3761
37
8934
108
2897
3031
9079
5689
7775
127
1571
6303
4513
7857
4371
3793
6169
8442
4098
9287
6626
2179
990
7061
2574
1149
8940
7239
5422
6653
7739
5333
1175
4791
1691
8849
9625
4244
7993
591
5728
9736
3878
1828
326
4197
5467
9629
6265
4467
3894
9578
4764
3165
1395
2337
1079
535
6517
7689
7222
518
9416
1983
4791
2389
3065
9995
9229
6446
1879
2308
2129
8760
795
6487
5585
4612
7142
4830
3742
8225
1061
9281
7261
2609
7045
284
8020
5055
2471
736
4601
9099
4276
9795
1456
2386
4556
5125
17
1115
84
6660
117
6130
2460
3692
1848
4952
9663
6279
392
8295
1030
695
1544
454
596
4848
84
3717
9779
2201
6920
9093
5886
1550
2171
319
5554
2713
4172
8525
5360
2120
6696
60
6108
5915
6545
1354
9593
9150
6696
9265
2126
837
9084
7795
2044
6756
4627
3176
6977
6483
330
2729
6883
4050
4897
8048
9075
4256
4080
4803
4455
6181
4184
2064
9777
4925
1631
3644
4004
7948
3151
8488
1905
3254
8928
4076
3006
1491
5799
7192
4971
3347
5836
8188
3087
8706
8242
5718
4333
5719
1367
5643
4245
3810
7212
7379
5653
6947
4594
4037
9307
6393
4627
3526
3479
6757
9116
6911
4168
1051
1587
2160
9668
5539
9749
4559
7602
2194
5791
462
5593
1923
9833
8310
8009
1864
6220
555
7365
8094
8909
4620
1315
4688
1090
1874
5124
8884
6939
9927
8951
6544
8050
9958
7901
6737
4025
1999
2825
4568
9597
2878
6311
8811
2642
6840
4957
1353
595
2772
8467
9956
9265
553
4540
9490
2546
919
816
2113
3686
3293
5284
292
3263
5347
5247
7660
8185
4813
2597
2346
8404
9451
5084
6873
1516
4942
386
2437
4562
6259
78
5525
8917
5232
1399
3594
8666
4016
8894
1273
4900
3397
9458
6664
6467
3083
8648
5000
6762
4085
7386
3382
8340
6441
488
9075
1629
8816
4771
5176
919
2584
6815
9465
1216
9143
5395
5580
420
555
507
5254
7903
63
8906
8020
1598
5498
6679
4324
3530
4901
8709
792
5571
1787
2118
8350
1242
1393
1836
8915
9821
4311
8567
41
6972
5830
4328
9926
5291
4973
114
341
561
5917
4133
8158
8531
5836
764
5936
4587
5869
3554
8475
9773
4661
8370
9243
3453
7911
3322
8631
4126
6644
6624
686
579
8197
1017
7440
2447
6036
4993
3804
7338
6382
9297
169
6006
9357
939
5269
8248
1924
890
8115
6941
4047
4242
6180
3551
7159
3135
9571
788
5627
3225
255
8997
7233
3898
577
4410
5936
675
3012
2892
9965
2266
9341
8634
2872
5641
6185
800
8301
9211
1461
5557
6077
9513
1619
9431
8237
2270
6472
3079
1719
5528
1319
702
1575
476
6122
2459
4101
2164
6741
4799
934
8455
1624
7469
4785
2623
3362
9274
3799
2828
4797
6573
2218
3889
6464
9869
8471
44
3112
7686
8771
6757
651
2760
7261
5459
7621
3800
7010
3908
740
2078
2482
2174
3504
1730
8623
4906
2109
1815
8480
8019
1633
8615
8337
1809
8036
9733
3811
9366
8593
4588
9123
7096
2531
9135
391
2296
8945
6741
3277
6932
5227
5403
4248
7190
4284
4379
7718
9151
3404
7882
621
7501
3424
8310
3584
2134
2631
2186
2771
1641
4693
4711
5509
6417
2794
3738
6273
991
6866
8989
691
6395
8115
5545
6623
2904
1449
7033
8400
5678
4363
9192
8866
1791
8719
2562
6420
4687
7947
6077
8421
136
5322
9676
7403
925
1939
1639
3377
3658
112
5848
1890
11
1500
3732
9713
8222
9880
4908
3186
8791
7652
8526
342
2287
9706
5524
9562
3205
3003
9114
5661
9070
7293
5114
3796
7478
6659
6000
8794
3149
6147
5575
3553
899
8752
8905
906
5796
8235
5784
1711
3374
5980
8207
2065
781
3704
5117
4181
5230
1372
4014
8810
3067
3717
8994
5184
8473
5510
8859
224
1454
3080
2078
680
6574
8080
553
9739
8759
2241
9130
5334
1100
1306
6723
5919
6207
1223
1786
1674
935
1692
1448
4152
4835
6152
1024
2056
5254
2607
1017
5147
3266
5946
1659
1006
5374
1509
8531
2254
3933
9189
8726
1005
4583
8557
8738
1294
97
664
9121
9345
136
8326
4464
1610
7186
3425
7498
8876
7521
9391
8706
3633
7309
8979
2234
8225
3700
7581
5788
501
7376
5523
5303
1469
3048
6078
8002
7427
4166
5656
5161
4511
8647
6706
2203
1255
5202
9173
8391
1132
959
8048
312
3936
1471
7648
9254
7754
175
7376
5571
5264
1543
9350
627
727
8919
7009
6662
15
1660
6193
7156
2759
4410
7286
5745
5933
5776
2404
872
4357
4047
9615
9295
647
5469
3060
3747
1916
9098
2676
5229
6868
8747
2402
1682
6995
5452
4891
3627
5300
1891
67
1944
901
6216
5626
1466
2162
7608
2681
9413
6512
2418
8052
795
4599
6191
6101
522
4932
7835
6846
3184
8062
3020
2791
2450
5375
6966
5585
7921
8161
2258
7923
6403
8539
9230
9138
7187
4027
4001
366
4146
4880
1695
174
8777
6927
2784
6545
5013
50
2518
4575
3170
4076
3658
6717
829
6323
7315
9859
9192
4277
1909
9501
1106
8916
9281
7191
8910
8071
7701
9987
4635
8239
3173
775
9458
1382
1936
9213
347
5280
4345
5904
305
3663
8526
3091
2121
9237
3304
9393
9715
2282
1752
33
1352
4427
9886
7702
8573
9652
6960
7217
4672
4014
500
753
3592
8931
7802
7031
4427
7449
2841
6769
385
5164
7834
6447
6823
2681
6124
3988
585
7584
9246
9406
6404
4292
1846
2924
7675
1027
6520
368
5736
4474
5871
5211
9638
7920
9200
7535
4004
6965
4384
8901
3777
4239
6478
6355
5199
5898
688
5293
4688
2555
5349
8117
203
4750
8065
3069
3555
3542
6215
7786
5363
5246
4217
5409
8157
3338
8153
7888
1702
1198
4505
3240
2744
3077
6948
4513
1216
8742
3134
8064
7040
3809
3251
9143
3461
5880
8072
7954
9679
4365
8089
6598
9198
4842
1846
6461
5418
7225
5935
7778
4532
2373
1864
3601
5453
6414
1782
2850
270
3955
9605
3151
4686
7507
6554
7500
9966
3426
3553
954
1968
5249
9790
2349
9838
7928
893
6774
2445
4620
9721
4232
2620
8239
8232
4592
5581
6113
2152
2731
374
9433
1888
541
1029
7357
7580
5062
6286
4724
7653
9677
7701
9485
8399
6544
6226
1091
4858
8158
2523
7342
7963
5862
8565
461
6047
8693
4641
2782
3666
7886
7816
4110
9877
8218
1424
7730
596
6328
5614
228
5389
5244
8218
2065
2373
7604
817
5547
140
5324
9717
9131
9668
2064
6600
2372
5418
5184
6277
4325
6442
9844
8329
344
8106
7152
4960
4766
6986
1439
5287
4730
7682
4143
5653
5082
674
4026
5008
3152
8562
4603
5398
2922
6063
4431
7926
7134
5787
1336
1333
9945
9865
8773
9870
5409
2653
5994
2319
4227
494
8771
9454
772
5115
8758
1793
4665
1962
1396
2870
1773
3962
254
670
5755
1219
9421
7020
964
8427
7982
2456
4296
7462
1147
6767
442
4497
1993
1759
9292
1916
4252
5004
1236
3734
2738
1245
2314
1737
9358
9818
7847
4422
5370
322
4524
5062
3970
9431
5770
4402
1077
7695
6892
611
8568
6052
769
6279
190
8859
6169
4731
141
6155
1186
4189
7278
3322
1606
1143
7753
4507
9804
9867
7209
8728
7249
4975
8199
2169
2892
152
9992
1773
741
2460
8088
2497
8003
2865
3625
6631
2115
9857
3875
8035
2080
6018
3240
7245
7235
2557
5303
6233
7951
807
1221
755
7506
5394
4472
9929
5003
6586
1604
2281
1041
6221
2000
5574
9040
8242
4881
8739
9619
7926
1556
5881
1977
9575
6867
660
5202
9530
2771
493
6295
8812
2554
6820
2131
4576
4941
9062
2257
7696
4036
919
4000
3979
4828
5902
1600
1895
6490
5118
8690
4247
9066
399
8136
1805
8392
3220
2572
7198
8246
904
2312
1984
2464
6982
1552
5167
1691
6809
1078
2606
7831
2043
1148
5067
3472
9221
7458
66
8811
7002
6844
5256
5452
5793
541
2144
4563
4287
8459
3037
2465
8118
8824
719
913
3887
8652
7009
6317
5186
5942
9585
8844
3974
8235
2164
6648
3599
5347
4495
2882
9206
7807
8999
690
7817
325
5939
3112
1129
2036
1677
9579
6366
2635
7577
1946
9132
5495
9409
7774
9022
662
567
8296
5517
1610
9713
5818
2796
9965
5976
2436
9829
9161
167
9510
5615
1522
4726
1677
4608
975
7824
7725
8950
9389
1120
7323
9625
8556
6287
21
4379
7609
4160
8430
6943
6979
3813
8792
1673
6460
3480
2275
4701
4480
8174
4967
4294
9414
6675
3951
3348
989
4812
2728
6607
9621
6639
7183
7963
9760
9338
7274
9237
4859
4615
7335
1050
9276
9531
2052
6912
4789
7976
68
4278
3776
9347
2736
4560
7759
2143
8249
8314
8265
3231
736
2790
5318
4231
4170
2024
9160
8690
1016
7854
2201
1689
856
8382
6382
6275
6122
718
3567
8879
2978
9817
2929
9897
7016
1832
7456
8356
9593
2879
3470
8075
9083
3071
1980
57
6718
6307
3983
7716
7488
4433
6675
1499
1663
1542
9528
2261
6984
9715
4355
8048
975
7765
3857
2829
2147
679
9630
4226
6673
183
5669
567
3531
1679
6564
6693
938
6861
7058
9307
6758
6085
3344
605
475
3479
5201
4022
3913
8035
7403
2704
4132
3809
4893
9963
671
165
2648
5752
2921
2849
5578
9581
4888
9868
7639
28
5305
5572
8812
6295
728
3392
3260
228
6387
213
7712
7214
7117
9591
5080
2259
3648
8958
246
8313
6625
3033
2824
4397
4510
6190
4809
9789
1133
4756
1873
7034
4607
9985
8465
6700
5148
2754
261
474
5602
8344
3267
8764
7705
6868
2106
6829
4364
4767
3549
8076
480
9455
6012
8241
5164
5153
3219
2192
621
446
2265
2759
9807
3871
3694
9925
8017
9986
5986
5869
2239
4307
3719
3593
6304
1213
7351
5264
7007
613
4828
8065
5069
6987
1225
3142
5390
3318
9570
4872
4319
8005
3958
165
6492
8872
4399
2004
874
7860
4018
2259
3
8173
826
7015
1926
7818
8555
1642
9077
3642
3272
6405
2577
610
3712
4292
2186
4948
6152
4795
846
4175
3061
2392
1105
8435
6832
3387
7161
8159
8664
8079
3630
5903
9192
8843
3515
2406
9298
5055
4869
1475
2616
4482
7123
1250
8626
62
3298
1208
3196
6409
7985
1023
8005
7554
1885
34
5843
5396
5368
2008
135
6707
3226
2649
7213
3009
1506
7108
5914
5065
6279
3909
2495
4940
9660
5278
2322
6997
9724
8494
5145
2659
2321
5424
9124
9289
2776
5687
4675
2021
2432
3305
3399
1244
8375
6486
322
519
2071
1460
7642
4838
931
709
3940
3812
4059
5727
2653
472
3831
5532
9931
4816
615
1501
4410
8224
6037
2907
8614
2338
2140
3333
9648
4021
6468
438
5174
6209
1994
8112
1053
184
8978
8360
3885
2665
4296
3385
2119
5017
5140
7806
5806
23
497
2574
1702
825
9899
8878
2144
1611
6932
1691
9427
3618
2524
8315
3009
8776
1604
9102
4958
7743
4326
7306
2615
9471
5005
538
4621
6375
9158
829
9270
4979
8504
8928
9423
335
9215
5246
2163
3428
3889
2401
8249
6856
4262
604
5359
3101
8694
4903
593
5355
6707
8729
5561
8747
8357
4193
8037
2593
7126
4432
2750
1073
3684
8864
4951
4703
7883
9349
5819
6985
8477
6178
8656
8376
2851
3271
6416
3097
302
8440
9962
849
5697
7858
7947
7792
1446
4787
432
4594
9664
6526
2110
1727
1815
9404
2272
3915
7224
6489
9051
9630
9668
7100
6934
8531
4031
4068
7396
2232
5721
1564
1863
5384
6513
9216
7223
4978
3675
2338
8167
2999
6721
2131
9289
4513
2797
5708
2864
4456
2102
3823
6372
336
7585
9699
2459
6351
4017
9388
3072
257
3746
5551
7996
6849
797
823
9747
1781
3426
5622
1290
9318
1567
8006
1894
9562
4506
3405
2607
7796
8150
6060
4786
104
5711
6331
9835
7013
4685
4468
3405
8521
4852
9823
3164
1678
3650
3132
3953
8914
6501
3123
3352
6143
9284
8810
820
6338
2192
8889
9986
1953
6747
9530
6881
5250
2174
7382
2330
7638
5238
3058
104
1920
9384
1924
9321
6887
9520
9304
824
701
6575
2076
511
177
4800
333
4932
1196
2042
7716
5937
5171
8368
6698
5548
2138
4975
2092
1371
2731
8223
4941
8145
6853
6863
2388
6462
8239
9626
2184
8189
7994
3631
3458
5333
3324
2405
439
3368
1846
2680
4228
3616
9647
1952
1905
9886
3743
3978
4480
7850
7953
7954
2666
3807
3168
5013
134
9446
5253
4112
1016
4868
7520
2080
5565
279
343
5841
7444
919
121
2521
7434
9990
915
8949
2738
5816
4229
8698
3679
8189
6815
3145
1922
1854
7373
6849
7172
2399
5452
7782
9995
7746
9971
1104
7190
3891
4782
185
5457
7761
5484
6167
6726
3841
5008
5808
1513
8381
826
691
7504
8650
5467
792
56
4862
2465
4335
5731
4275
8699
3170
6457
6422
878
6284
9942
5551
9545
4662
772
1570
590
7178
6805
4224
6415
5628
162
8667
3865
6661
7164
1188
6990
575
2136
8196
8793
9159
8660
9839
7945
9043
2228
6749
6242
129
468
8465
8902
6317
9829
4970
7700
1207
2526
7929
2130
3919
8951
9182
3332
1999
3510
2413
5060
8963
2684
2536
1833
9171
4019
8301
4529
7552
7903
6353
2501
5089
1684
2168
7292
9669
6291
8677
5995
2778
2005
8897
7652
7368
5130
7024
7182
6446
4309
4646
1527
4489
8341
1629
6981
2353
5372
7499
1221
7992
4511
4995
1555
115
9705
2026
1583
1841
7821
5168
4374
6072
4596
4207
7607
4537
3959
9495
5234
8351
3409
8082
831
8170
8191
8286
4139
2459
9523
8658
7747
3098
3036
8224
6153
7249
9305
7883
7530
406
8919
6029
5610
1388
3209
4632
9971
8582
3146
4848
361
6181
2938
5447
4996
8203
1590
2228
3685
9817
9033
3224
2690
2023
2968
2800
6388
6631
7034
2996
6295
1622
5878
525
760
1147
2344
5919
3487
549
1482
977
8247
8279
8459
9066
514
2575
8393
320
6716
3808
2905
6564
6307
6101
6678
2525
5859
3090
9132
4059
7347
539
3281
9357
3534
568
2412
2210
1222
4227
885
4422
4922
9308
3136
4211
173
1014
9170
9909
7302
4397
5462
4647
8725
4716
2739
4837
2838
2566
7822
1570
4937
8122
1404
4590
5141
2830
2915
3632
5131
5402
4071
2698
4729
8898
8239
7751
4071
1760
5838
9866
7475
2483
8118
6723
2040
6665
8699
8726
272
8240
1846
490
3895
9502
4169
6080
2014
4626
1722
5627
3979
7425
7827
4880
8393
2755
2448
6889
803
6727
2671
3199
9808
4568
3742
9210
8697
9600
6262
7671
3492
7017
6210
8934
8421
1677
8563
1126
6187
1649
9210
5094
3411
1625
151
66
5964
5675
1836
4669
412
3599
4725
6048
5303
5455
1715
2174
6265
3035
253
1763
2440
5383
9242
4212
9393
9158
4487
6069
5146
6298
3515
5077
6422
5038
1830
1313
7078
9430
8323
5511
321
9942
115
463
4565
5460
6119
1071
343
6981
7636
8387
262
2829
6550
3948
5896
6720
7531
619
5247
3307
869
1129
3869
9738
3645
4461
9965
3985
8402
4322
7423
308
4701
7545
8834
6685
9862
2025
2903
9847
3238
1834
763
8569
4458
615
6055
916
6873
5723
6752
3466
4636
3432
1832
3800
984
4141
6665
3313
1182
8043
1197
4315
4292
9690
6976
6517
5278
8961
8589
4260
2916
7560
4239
2723
2356
2332
5447
3237
9340
9977
2953
3835
2670
2613
1427
5171
1523
4620
8022
6217
6472
6512
8517
7686
3066
9869
8347
7054
6750
9699
8736
8340
5035
1265
2532
3128
334
9910
6715
3727
4261
9441
6773
152
3152
4607
8796
4316
6910
1759
3231
3991
3925
1217
7189
8132
6945
4255
2513
9657
6408
6333
472
3998
4165
3309
4091
3747
8870
5568
638
9290
4005
1707
9028
8693
9550
1309
6286
6806
1494
2667
2901
4546
2324
7503
6620
8615
3562
805
998
314
708
8869
9711
3329
3201
948
4674
2915
7420
4071
6026
4555
2127
8646
9428
8328
1427
3056
9587
6698
3154
3636
4500
468
2047
448
9535
5766
9657
3790
1387
5587
3390
3444
4020
2145
57
9275
9283
9940
213
8202
9614
5900
3739
5123
3519
8698
1896
913
5407
7163
565
4881
7568
2785
8052
2311
2923
2609
988
8724
7231
2125
2309
4613
9681
1619
3619
9858
2140
2818
7834
1918
1992
3095
8030
269
5726
9680
8017
7544
7944
7632
9469
8922
5750
9004
4539
2343
862
25
3183
4397
5581
3490
8323
9153
6083
3686
2848
1704
6720
2724
6079
9856
3215
2648
2199
7676
9734
6487
8073
6124
5375
4459
3139
8729
4066
3954
607
9876
1590
7053
2079
4283
8117
3235
6039
9113
2586
4500
5764
6462
8131
2485
8772
3141
6826
6943
6762
7150
7924
4991
3976
8455
805
909
4557
3644
1291
7171
7485
6781
9985
8541
8155
3244
2429
3993
1805
4794
145
7455
2702
2440
4551
735
6373
7711
9618
9561
4433
7731
5292
2022
9637
7349
5826
4787
6926
6288
5405
3896
20
459
9718
5062
4716
3453
4955
5744
2901
585
3842
9977
5147
1111
6480
4962
775
7091
7093
1184
474
4408
6621
8900
1400
2052
2092
5938
4346
1525
771
6529
9419
4747
7286
4352
598
6825
1285
8957
4922
4078
3012
962
1330
7124
9676
2944
4850
4023
7131
2744
6152
1990
7125
7180
6650
8012
5806
3826
1457
4205
4767
3220
4462
5133
2685
5281
8865
3306
1396
2154
3942
7324
1440
1337
5618
6474
2329
6342
7277
2117
8926
8710
6142
437
5293
9685
3930
594
785
1283
2093
9985
2969
9898
6946
7959
8910
6060
7969
7936
6797
6040
3292
2543
7930
4646
2532
9106
7405
1978
6021
6429
9704
533
6334
3933
7326
1376
545
4070
3754
6513
1658
1346
8234
4555
7244
39
6299
8208
8174
3186
9193
721
9317
2074
7532
8226
1618
9410
9291
7592
2179
975
7826
8555
2241
4673
2869
957
9175
5142
167
8164
7447
1397
9629
2945
959
6650
4144
6527
5148
9324
9008
1885
1025
759
8061
6733
6017
3145
1705
4150
581
2147
574
2418
6314
9459
4354
3887
8961
8533
6027
6514
8234
410
3824
8182
7141
7002
3306
7852
9808
5446
2280
9278
9863
5310
8026
9670
7372
2907
9895
9882
3238
4800
8557
8099
9084
4645
6568
8403
4631
6545
5557
928
1320
1803
149
3310
7253
1569
3473
4127
1653
4850
660
1030
214
7949
3229
1221
7185
3708
1980
7770
6642
7665
6567
8534
7247
1953
1389
1069
7017
2279
1644
9743
8655
6667
1730
5900
5192
258
3434
8848
3694
3383
2661
6425
7203
6180
6229
8128
1003
3161
7447
6086
5138
6202
9813
4333
2047
8282
2344
3154
1086
9635
7477
3972
4095
2145
4373
5156
4628
9805
2460
1921
1562
7640
5005
1727
3683
7231
6198
1735
4648
5892
4020
2032
3431
6715
6089
4761
5358
9421
4016
8988
1121
4219
2726
7205
7093
2584
730
6739
6813
258
7455
9399
3451
6481
9346
8987
3143
3227
1141
5350
7201
9718
2800
1349
3959
775
3165
1532
510
2797
8181
7662
10
382
1859
4416
6600
209
1878
9999
1778
631
1801
2196
3533
8601
4907
5958
1397
94
8470
6575
4584
5638
6231
5758
921
4878
8925
8102
6803
3071
3786
50
8135
6659
3723
1423
3367
4363
9892
6353
9348
8725
5737
3323
6193
473
398
1056
3092
23
5808
8620
9654
5106
174
1653
2245
28
6538
3924
6237
1934
3677
8075
4299
9644
5185
3223
1724
4839
7658
476
3208
1460
1165
8547
4041
1399
782
4453
807
1814
6708
4115
8578
9691
8028
4447
1745
805
7394
4285
2193
7940
3886
5758
192
5509
4680
4149
2654
1293
3609
2090
6
8841
8022
3020
1173
8626
9296
947
249
980
4740
181
4699
2909
7484
422
1633
1243
4462
3491
9504
5460
6501
3068
7952
8208
9757
5561
7590
8752
2034
1070
9522
2646
8654
8050
1070
7727
6597
1536
4470
1461
7160
1605
3592
4467
2351
6255
7150
6695
153
2679
117
4523
5318
6296
7032
6289
4420
1918
7346
4469
6099
8743
9434
8102
5884
8080
2094
4622
6300
1957
8960
4568
3044
5847
3964
3700
942
3169
686
1417
6458
1436
5741
3171
9393
5576
1585
5513
3875
8116
581
6682
4548
7035
5455
2146
9847
9235
2254
727
9910
384
4134
7844
8442
2249
5434
9265
5072
7552
1970
3819
7322
8517
2946
3123
9855
1625
1780
1467
8497
9454
1119
9357
8762
3264
9053
9535
1616
8832
8251
9959
7247
3228
3728
5903
9638
9821
1325
3052
9899
9048
2799
6367
9739
6541
1595
5284
1848
1395
6455
6937
1767
7933
2057
5335
7584
7839
1413
4639
726
5475
1516
6930
27
5235
7863
372
1173
6
381
2488
469
6047
8589
1680
6115
8906
2808
9462
517
8299
9548
4144
791
2821
1074
6531
2259
3781
6524
1696
2809
4352
5065
4650
4712
4836
6403
4236
5892
1705
1828
9162
2054
9769
4474
7346
2317
3109
8445
4688
2558
1846
2141
32
7122
7411
9634
6681
4476
9081
9157
1931
3615
4027
1687
658
4211
3886
5120
5425
7558
6500
6281
2405
7585
5000
4488
4910
4045
5181
926
5589
4062
9619
2762
7783
7510
1405
1243
5624
3646
6325
7209
6431
445
3672
260
1994
5976
8100
3648
1626
3662
7648
3815
8930
5044
612
4084
4585
1257
5298
8240
5569
6898
9352
524
1005
2766
7390
6483
8578
7992
8126
9201
1846
7596
1454
250
7325
3389
4631
6565
2829
4471
401
2470
9937
7995
5397
5683
404
5025
9711
2711
8997
3723
5433
5130
9402
6021
538
8773
7495
3552
9309
5951
7405
5980
3755
8214
1424
6016
4128
4039
2100
9657
3802
4340
89
8699
8293
8406
2233
4202
9908
7163
2958
4777
5122
679
690
7500
7415
4294
2621
3965
8641
9693
7524
7738
3374
4659
7201
3900
7914
8439
7443
6887
8674
3720
6904
3495
2105
4607
2004
1972
9620
5070
8300
826
1601
6896
3136
2258
3555
5017
1828
6540
7179
6693
5890
3744
5985
6746
1213
3222
6106
7477
8023
9402
3980
7398
8433
8698
1393
9876
4486
2890
8282
2499
5012
3859
7106
8536
5012
6806
2647
2190
3219
2998
35
991
2157
3490
186
5938
4827
2109
9189
8498
3163
8308
8796
5099
2428
6364
3315
6390
383
1179
5582
3055
7037
6824
4539
1174
5428
3457
7056
8156
1500
343
8587
8645
4840
6640
1919
1421
207
3494
8270
5444
8960
6698
1553
4636
3285
7898
8677
4622
8882
7231
2935
3820
5132
6691
427
7087
2142
9205
2639
1674
2768
2893
1749
9352
376
2224
5595
282
1537
1706
1636
9908
1733
7542
85
6747
6026
2711
5432
1622
7502
2026
3701
1801
6191
353
4384
7535
6472
8880
748
2804
6742
9266
586
3594
6131
9399
5837
8657
9999
2881
4059
7308
511
5106
3940
2299
2677
9949
1726
2971
4161
1622
3531
6309
2318
2447
7037
8787
8729
263
3715
8205
6652
1099
4426
5351
4366
9318
4199
9795
6875
1877
4080
619
7179
4377
6799
7528
8302
2988
7200
1882
5011
415
6612
3519
8085
7419
9510
1496
1128
2676
284
6384
341
5325
274
6387
7197
7634
1286
4254
4239
4668
1955
9171
1333
180
8207
8986
8830
4843
4570
6198
1526
5361
2867
1508
1476
5803
3015
2906
543
2786
7173
2099
2645
466
9219
7460
3010
9414
7913
3916
7842
6357
8392
4046
6619
4734
9031
1854
2867
6879
5631
1884
5268
1082
3285
7140
1128
1691
7556
1848
7614
5347
5364
2109
7173
188
3875
8287
6974
6147
7450
7761
999
3447
5919
5936
4841
2554
8542
8290
9439
9629
2814
8579
1390
4097
3937
3328
2418
2127
5334
4599
8873
5160
2038
5016
9767
4866
5961
9920
592
9524
6738
4985
8060
7998
2486
2756
9084
9510
3347
2789
7014
1802
3464
6843
6468
1849
1929
5564
5640
4896
908
9179
2434
6161
3620
1642
2573
7757
4040
2454
7836
9037
2762
7551
3597
8018
2620
1780
8307
2450
3516
203
4673
7280
9080
1407
141
873
2046
7890
4354
4839
5830
6701
1553
9539
543
5092
7060
7157
1060
7923
731
7609
8523
4323
360
4125
1862
2515
9738
7476
3773
4195
8241
3486
3850
7430
3705
8798
1096
8451
7130
3429
9938
8680
8110
1390
9763
5713
7848
4203
1095
9399
6125
5498
3328
9990
8479
521
5106
4517
5405
452
5890
6442
6225
3717
8116
8771
9348
120
7177
4419
9
3721
2431
8847
4237
4195
458
8716
1657
6928
2749
9586
3888
8043
86
4885
666
4342
6513
5576
7508
3082
5082
97
4400
9701
6837
9357
9795
8697
7945
7545
2612
5637
8378
581
5240
7044
8620
787
4226
5216
7103
9459
7412
8774
1369
2277
6390
3670
8714
4160
8512
8604
7972
2437
5858
451
394
3743
8299
787
172
7494
5924
2579
458
8392
5628
2316
8895
1906
2643
294
595
1779
9103
172
8078
7992
7688
7482
6400
2421
4939
8061
5023
9627
4507
7854
7827
3387
5251
2466
9197
5085
9222
4203
9772
1475
236
6011
9197
9197
658
6733
6002
3801
4497
3499
7692
4405
1120
4123
3828
1281
9080
2559
6005
5023
1650
1679
775
6520
8145
6935
7099
5421
9363
2641
7314
9746
1827
4041
6678
395
4986
2189
8625
2437
6086
3341
3323
160
436
5724
6788
3728
3156
281
7288
9351
9290
278
2611
3104
1806
7225
1451
7366
8170
5826
7708
3436
8594
8508
240
9804
3162
6965
7322
7383
7838
7069
8040
9339
4591
8716
173
3069
9966
7869
2433
2403
2657
9274
6712
3726
2828
545
6868
7795
5984
122
2097
2129
6332
8417
3901
817
8590
2921
741
5336
8293
2848
9071
6275
6231
2364
3887
4854
9678
3556
4623
3927
9396
7922
1494
3180
5880
7980
8783
6576
943
9413
6948
4152
5946
5508
6035
7978
194
4427
4665
2996
3773
6532
3369
5144
6012
4222
4492
8863
689
3918
268
8893
6886
1851
2980
4465
9718
6896
6729
9107
7435
4571
9695
8829
6746
5264
2277
4449
6039
5911
6306
3770
8393
5078
8997
665
6598
4429
6467
3976
6137
9475
9310
8648
9625
3837
6178
2027
118
7680
4918
7007
6789
1804
1524
2477
9935
1805
3319
7282
6818
1510
1154
3441
5079
9036
3874
9652
5396
7975
778
9459
8606
8810
6522
7100
8963
4149
1781
5887
4913
7341
8175
2689
656
2502
5977
6479
8149
1265
1857
5348
5943
1739
532
3574
7661
9264
7428
4910
79
8007
3074
7148
8435
60
5994
8061
2362
8836
286
1243
1143
4945
1691
5226
3040
6257
9930
4744
1195
437
8339
1935
5224
9068
1395
5324
942
9072
5843
4317
762
4156
1921
615
1123
4269
1590
1804
5505
465
9473
1798
7943
655
9554
6072
8986
3224
1590
3378
4079
6099
4572
8169
2825
2329
1513
6573
9279
877
4382
9245
7842
275
5939
6080
4038
8931
8713
2656
3342
2930
2947
4376
3541
2486
1758
9843
809
430
3680
454
828
1724
5244
3072
9482
7689
9648
1449
4262
5220
8233
2187
4461
3757
1739
5939
9500
6452
9837
4950
719
3592
5314
619
6456
4722
7922
4706
5765
4202
4302
527
1025
1836
5496
9699
4726
3419
5165
8165
6663
8296
9557
7586
6703
9470
1986
5048
4047
7629
8433
6498
6841
8297
6687
1282
9103
4749
624
9529
9689
7096
7275
279
9806
5286
3620
3975
7992
6004
4843
400
4400
7235
1659
9311
4321
2125
4544
910
3294
8807
2873
3175
7930
8566
8076
42
4802
9297
1950
3162
8088
6655
2292
6815
4736
3491
5130
2794
4891
8839
3416
9839
8101
6649
4224
2864
7246
3273
3934
724
1084
3175
1072
3205
7105
7424
7762
2870
8787
9922
5468
9377
8675
3489
1813
7588
1098
5582
6346
2020
9491
477
288
6208
4855
8285
8947
8669
2215
8691
2929
664
2505
8931
4117
8728
9297
3070
8378
3047
4062
2969
7119
4725
9316
9435
2125
2559
8951
5361
8341
6380
6023
3270
841
3724
8067
6286
9053
2255
86
1181
8161
3561
3472
7919
4096
7776
8691
3014
959
8349
4516
6781
8056
9133
8420
6013
6806
1169
6760
9835
8321
6108
9880
3096
5741
9774
2224
49
3505
5898
2750
7296
127
5616
2294
4549
2528
633
4269
2694
512
2659
1653
166
6852
8123
5754
5673
7132
2268
4706
1910
2655
4675
4856
7629
3222
8512
1317
7225
2073
4509
2239
2718
8306
5148
8891
9507
8039
2741
7152
3823
6031
9933
2797
1463
8600
1141
3166
2028
6435
6702
1217
6130
3345
7769
4657
7729
9486
5144
494
2603
3644
9426
875
7711
3198
6058
5930
8502
2181
7540
9261
6899
4561
8354
9437
7767
4555
6947
1202
2701
5619
922
3552
3205
9363
4025
2017
3705
4071
5886
6717
7375
3578
3518
5848
6561
3941
9641
4193
4345
2327
4509
88
1530
8641
9644
7954
2934
6949
5688
1038
9621
3313
4607
7484
3519
836
2512
6140
6066
6548
5828
9617
5806
987
83
5958
2337
2968
415
2413
3707
1480
1190
8495
6452
1133
4333
4779
649
8766
7209
5279
2722
9517
4888
3346
9642
3819
1047
7480
8621
4024
996
2138
9290
3324
2451
6122
3834
2742
4813
5398
6344
6671
1680
7164
4776
213
970
4877
3866
1936
3273
4437
7784
6466
1668
2409
9220
4079
8299
1849
5530
3168
9079
9243
2296
4547
4321
8516
6459
1925
1968
7233
940
6236
9761
2788
3229
5795
4254
9716
2920
6941
1267
3948
6976
4596
7695
6005
6868
7244
3825
3163
7004
2042
141
7343
8738
1693
2989
6532
6288
7727
3864
5382
1258
7055
8462
8118
9226
4306
8639
7206
1273
8221
3113
4475
204
6786
5323
7727
9786
6967
7934
3436
7214
5210
7458
7525
6956
2512
8316
7923
6372
9941
3450
84
7152
9940
9810
9839
2152
7192
9238
5405
2565
937
5322
3065
4760
9656
6885
8111
9618
6859
6961
5223
2960
7706
2897
8713
4591
222
3387
2655
3408
3353
3585
4735
9798
6385
8528
832
7813
186
3216
7992
9520
4561
7326
473
7993
8999
2062
8837
1015
2854
5813
7205
7570
8241
2380
4720
9547
1763
2619
5940
9932
1302
9295
1189
4401
3398
3838
8664
6374
2200
9599
4862
1048
5891
7304
8706
1083
3091
4787
6716
4552
5396
1442
5073
5784
4310
8089
3681
5708
6100
8912
6242
9681
3617
7206
7029
7497
6591
4438
7380
8001
9574
4168
8450
7423
3675
7356
9134
9534
1694
207
3259
3192
4670
2104
1675
1036
5382
5082
75
1088
444
34
8178
8530
1771
620
8748
8387
4807
9593
5700
1158
5569
9464
9744
5685
6083
963
866
5531
8269
2890
3566
7141
4745
2821
1804
5764
1592
7802
6601
6623
6989
6719
5926
8256
905
3944
7315
9225
7518
1444
2360
5258
1188
4961
4062
7402
2341
1898
1565
527
5069
353
4002
8458
9843
9002
9491
7052
2178
4382
2454
4618
2896
8239
1885
5783
1177
5660
5992
5540
7202
355
1712
9852
2178
6875
268
4699
1045
1682
4822
8653
9610
2287
3844
9325
3966
669
4228
968
8312
2054
8185
9022
4162
220
5844
4046
2504
8452
7805
2463
5634
6297
6638
5519
1741
8117
3969
5441
9334
4213
1140
9379
441
7101
3271
2382
181
119
7682
1873
2497
6098
7169
8792
8909
777
6620
9019
875
2829
9133
5593
4994
2132
1413
2409
5099
9158
2719
2216
8396
7910
5999
4530
4920
7610
9285
8547
1270
1157
768
470
5187
9748
2103
1599
3081
9271
4890
8695
2701
8209
3085
4552
5495
1434
7958
6130
5207
9418
2542
3035
1008
7477
138
2147
7271
3200
6868
9618
3578
5133
312
8785
2688
6030
6396
7615
9435
819
7840
6521
2595
6306
9738
2080
1914
1082
8486
8509
8670
3805
7489
8163
6911
7169
7282
2252
2520
2614
7622
906
3281
2410
2915
7551
5466
6248
1063
8391
3753
2168
3561
9392
9151
3384
2605
4599
5474
4506
2534
4898
4669
2133
4091
3943
4699
6053
8185
514
8158
3155
8027
7278
1439
5693
6000
9722
5608
9068
9596
7262
9754
6999
8934
5097
6638
78
9941
4906
4745
6425
5622
3217
700
6997
4484
6012
7132
6875
8824
4514
9777
4510
8283
6602
9001
3500
8203
4268
6800
5358
2561
9646
9951
1355
7552
3986
9395
558
5648
6987
223
2586
67
1897
3967
784
5699
2258
8916
7059
3292
1920
519
5179
6714
3363
905
4979
8315
3246
4429
3944
965
3659
6508
1345
5131
3394
2042
9840
9171
5422
2768
9192
304
5662
1083
6239
7856
5124
9454
8064
5980
7310
2655
6442
8150
116
8868
3370
6622
8032
666
8590
6394
528
5573
3930
1164
9737
7555
9135
1662
3853
4012
3899
9383
7211
2983
72
7593
6485
3242
1920
1438
3997
6179
3593
76
9352
124
5918
3613
4153
8838
7993
4991
8849
3712
1846
8272
7437
4264
8190
9087
6965
2942
9831
2842
7218
1424
8272
1784
5480
6595
6505
7719
6
5005
2794
5867
1495
6514
1507
1086
3095
3628
1660
2617
523
835
2828
7370
4092
3756
6620
8996
4412
1451
5139
8223
7777
727
750
2820
3463
6041
9240
7571
5744
2614
4236
2279
2808
2552
9270
766
5182
445
2464
6347
4617
6612
44
9275
4678
4088
6655
9568
4200
4446
3435
6837
3196
3748
6423
9178
8029
3523
9794
6958
9737
2729
8675
1935
9467
6764
8372
122
9451
8227
7004
3186
5524
4535
7716
1337
3942
6188
36
2673
4867
7393
5571
6580
4917
3345
2852
9605
1179
2711
3732
2067
2109
4525
4407
9073
2964
6736
965
5100
3485
4391
3278
7811
5775
5015
8261
2630
4467
9387
2859
3778
654
4452
5270
6965
9664
1315
2935
3876
7551
67
9520
7861
7548
5546
803
2207
2175
9850
221
2679
4264
4125
3426
565
4543
4491
4762
9296
431
1061
9343
3060
2940
7121
9473
5376
9472
508
8690
2097
6837
8528
7668
6697
3227
8410
8756
9599
2610
2843
1849
6594
4742
9574
5601
7524
7373
9156
6594
8161
1058
8638
943
4962
7978
9280
2413
6506
7702
4790
6041
7323
832
4216
1776
9429
8992
4817
7426
22
2436
5489
6503
1417
3400
2184
5882
4676
5005
945
2458
5998
3907
3315
5303
2776
9570
2283
6033
1871
3231
5080
8131
1350
2993
9281
9275
7798
991
9154
8244
7630
7256
2961
9333
5567
5593
3384
2508
597
4369
8172
6128
8134
4792
7032
9020
1236
8691
3425
9243
8919
3489
1471
4658
238
5187
6544
500
6891
7656
6762
9629
7744
5217
7272
9543
9924
2286
637
8743
9952
3351
4670
4212
9895
5054
9261
2209
6696
7076
8531
6534
7118
7243
4163
1515
8388
8014
1050
8154
4700
9059
6051
3245
7703
4016
3259
2734
4465
2785
9552
8085
11
5908
2656
6355
5549
3593
4178
7533
8355
3298
2121
7558
1288
4939
7406
3414
677
8833
23
7484
5123
8116
8723
3334
8645
1972
2321
5348
9663
1597
5464
8601
2588
3386
5464
7304
1947
8875
1821
2832
1118
6401
3250
3847
1956
8586
1997
3717
8224
5815
4629
3856
7922
4093
8309
7676
8696
8456
4188
3805
7814
6146
2806
8966
4264
7938
8294
6259
5558
6956
2655
4765
4971
2533
1491
7704
7010
6342
3542
5586
9182
706
4973
1833
9198
3185
9064
5743
4776
2217
280
3666
1111
7455
2477
3650
1427
8282
3203
4262
7431
6653
3870
2422
7013
8957
9173
8321
2854
5924
7625
6797
7493
6443
3947
7757
1752
6384
482
220
8914
1460
8008
8576
8498
9867
6341
2521
5422
5165
2523
8042
7912
4856
7673
4074
2850
933
1458
2532
2316
1368
9679
6565
2908
507
3373
9806
6536
3497
8072
3906
4099
8703
9420
5215
161
8044
8966
6947
2183
5077
2862
6911
1856
2434
7276
3543
8355
1544
839
122
9421
7622
9196
4468
7022
1577
9700
8676
6384
7234
9348
2172
9544
3159
7156
2506
9999
8270
4555
9202
7269
5812
2897
7503
7403
343
8781
4071
8875
3266
1490
1137
6807
3092
5755
3116
9827
6276
1619
417
4351
6514
6494
5886
6675
8529
5628
5595
1139
563
2530
7092
2335
1021
4170
9970
1113
729
3552
4112
126
5842
7706
3872
5780
2003
8809
9919
2401
1028
8796
6464
6732
6985
5693
1342
7546
4922
1671
5903
1110
2047
7668
4360
6399
795
9289
2380
4855
1550
378
4048
4916
2180
4266
3940
6207
5178
306
5973
7615
8883
8448
3948
9772
4936
3706
3632
2455
1361
9042
3235
2316
6822
9552
6246
5012
5799
942
8359
216
2014
1283
105
8354
6520
8288
7446
4339
5115
4043
2248
6272
5583
8607
9798
9248
9462
6281
6225
767
6095
5414
1719
1612
9913
8449
7764
9864
1016
8936
3016
7692
3174
9593
4989
4975
3878
917
2446
1323
547
9997
7928
1804
5870
4884
2216
2862
7244
3913
7176
8145
1880
2839
4598
9472
818
2734
2999
8152
1411
5390
4971
384
3557
5715
5238
6787
2474
3544
8617
4872
8998
1680
8960
44
2252
3769
7265
3001
6439
7031
3187
2136
9473
9403
7556
6703
6207
2438
6384
8173
3900
910
6704
1830
2489
8278
9842
2515
9462
8089
7971
5057
2205
7342
7795
2547
7001
5589
333
7887
5501
9597
9026
8624
7117
2322
9732
2663
2203
7462
3739
8784
9221
4738
3894
9646
5242
1060
1749
3282
7626
6242
6546
634
1858
4523
4469
9382
5368
1976
3024
1637
9015
873
7229
2229
9278
8645
7354
1718
3283
9993
1572
939
8840
6955
3143
1647
174
1330
977
4007
7689
9638
1156
6014
1494
2041
5295
1488
1759
9597
2204
4958
9163
8787
1105
481
2000
7272
8637
6156
1924
703
384
2342
5853
322
5565
518
9251
2473
9712
2695
3328
3866
8326
6500
1131
3850
9183
9553
1971
8617
8708
6556
9745
2718
9142
7327
6508
8035
2766
2133
7
3593
8566
4621
9875
3291
2912
6303
602
8483
4989
6144
3637
2342
5421
1750
9540
1964
7986
3446
6042
7209
5097
3715
7547
2622
3965
2703
4415
9640
8329
2270
7850
9803
7975
446
2186
6203
3948
5774
235
2118
1276
9615
5400
3468
1226
3323
81
4019
6123
566
3416
5180
6569
9973
4205
9048
2254
6750
902
2289
7200
7173
3833
1044
4986
4766
3714
6322
1901
454
5608
9588

2529
4799
3260

5371
2358

3454
19
5610

7418
8833

3283
8223
7151

9774
173

4481
6658
2901

2780
2983

7448
5560
2171

7997
1351

8334
5361
7943

936
5744

7373
2475
8788

4013
2183

1690
8803
193

8340
4902

8218
7965
7937

7247

2519

6406
2376
5298

6309
7603

9267
9986
1515

5765
244

5532
8522
430

1579
9216

8717
8111
3299

4929
6545

4439
7305
3462

5442
6473

6580
7908
4701

387
7745

5335
360
9145

8869
7031

3777
7792

2498
396

5564
8789
3633

4003
4524

9324
503
376

3687
7532

9719
3151
8742

7753
9207

8557
2033
5812

5474
9867

4314
8111
181

8503
5562

9865
2907
1475

9461
7847

6346
4826
4177

1742
9195

692
8527
1465

7340
9855

622
6996
4421

5959
6240

3466
6640
2213

6938
6637

8207
4688
4621

2290
3766

8097
8949
3245

8390
3551

1447
5838
7125

2736
1866

4403
5895
9737

1452
3993

330
2999
6736

5865
6805

4822
1712
5564

4851
6697

5495
5029
2678

1185
1668

5263
9424
1285

6346
6409

2634
8725
8723

1420
2823

6505
5371
8050

7082
9827

2758
6779
5039

3529
1705

8308
1484
8704

7320
5878

733
1954
5952

9874
7812

81
7601
3087

6072
7219

6155
4662
5773

1281
1988

8402
4807
6733

3513
7059

4528
6235
1229

5032
3300

1421
9328
1974

46
8012

6517
6575
7152

5152
6839

1827
5032
2637

4356
3137

1729
866
4215

4409
984

3309
9035
2200

1863
8484

2253
7396
1995

6230
452

7078
571
9829

8981
6683

3197
6641
5028

7139
2916

1917
6754
2795

7790
7976

4253
8942
9092

8733
8958

4730
6465
2648

7142
6030

7401
3288
530

6244
5611

8167
8291
4110

1398
7217

6006
3108
9950

7809
2564

3046
8958
7896

1441
8678

4264
3270
8831

2060
7759

5645
2790
4522

6940
6140

4242
167
2585

4983
7379

781
30
3084

6249
2285

741
7690
6333

8556
6659

1087
5349
977

4328
2481

6077
1682
5428

3237
6586

1491
8164
3130

2323
2494

9506
787
7107

7021
5834

2006
7625

3982
4373

6409
383
8011

3240
7621

6403
2972
917

3033
7716

8498
795
5524

3169
5299

6318
2906
3340

4908
7493

7482
4100
6105

38
3617

9157
8221
4741

7875
1128

4152
6447
2665

9005
1769

2742
5048
422

8931
37
6575
2226
8326
2551

1767
6905
3704
46
3494
9215

1076
7968
7619
7226
5428
9504

8289
392
900
742
9296
9873

2956
9475
3615
7775
7711
9397

9136
6342
7974
7606
9693
810

7285
870
1634
6595
5905
8264

2766
6069
6338
2582
1929
2016

3900
6236
4083
8359
698
9417

3910
4880
6706
8490
2772
9207

8360
5980
7187
9486
6936
3077

4943
1425
634
3674
8784
8674

8077
9981
4786
1390
155
6127

9524
3490
3491
3716
7687
7987

841
2309
4637
3793
3827
1952

9295
5288
1363
6104
3585
966

6122
3064
1003
673
12
4290

1352
7358
1347
5444
6608
103

6661
4951
8716
3897
49
7055

683
5164
5897
1187
3964
7517

8636
302
1840
9438
1925
776

6653
4551
7290
856
9755
6503

8058
3520
7392
5508
6656
1601

6509
1060
8679
5497
154
6835

5126
6558
1403
4904
1758
9578

1556
8033
733
4119
202
6357

1369
8459
9055
7837
221
1977

5219
3370
1023
9214
7248
9386

387
3379
3202
1479
7590
5202

5580
5837
6488
6154
9751
5807

3312
1516
3152
3648
9513
5539

8892
3868
4426
4229
4804
3113

121
1325
5609
5931
4514
613

1777
3459
1632
3387
8865


7914
2961
5446
5661
4546
412

7460
5434
8910
8736
9517
8661

317
1191
7521
688
3886
3244

4340
7208
211
8834
4942
8620

3
6944
9875
7262
1516
5776

6301
1819
5365
3818
7516
2812

251
9525
8464
5404
4885
5501

2266
4276
8341
3728
4745
1357

9851
8544
4226
4228
7397
4602

7593
6184
1521
1734
9380
1409
5053
4856
673
7711
4056
5436

4224
6304
9234
8868
8819
2143

2570
9771
4452
4040
3674
3351

8678
1794
1825
9276
3400
8942

1911
5679
9675
7315
9992
460


472

6914




7067

3212




1137

1680




8189

2064




5320

7420




4103

1541




5043

1340




7736

3179




3472

8808




8989

7200




2879

1029




3454

1399




841

1454




1960

1222




7654

3790




3555

902




3089

3725




8787

9736




5378

325




7104

406




5077

9986




2141

9600




9240

3680




8597

9664




1618

9772




3465

8502




9419

9167




8124

2229




7641

8026




5963

2050




5994

4155




3877

1768




702

1001




3503

2731




165

6882




7436

9576




4808

9009




933

6455




4308

4405




7108

244




1243

7439




4329

5908




7856


6315




2271

416




6221

5362




5136

3441




6524

7056



9808

4865




7337

2




5282

5108




8773

995




5546

3574




6407

15




6673

9128




6173

3883




1032

2220




2985

7917




913

9343




9152

6327




508

6344




2749

3261




7065

7327




456

6862




853

2045




6933

5493




3680

2758




5262

7590




7926

5226




8828

6349



4683

9932


















































